86988864
83994646
67048711
23771716
86198326
14261867
24140059
06850209
49140998
68170903
21597117
00295517
51351302
05728014
28596933
13026402
12694768
89718302
27744077
49771608
18318842
89801755
98444741
21323861
41356845
47372349
62325062
53828396
25345186
16135253
18036057
48202661
62437709
62315111
76573247
99532708
24104865
25920413
98719226
87257460
23756165
50140163
99785935
21070956
91869203
67987611
73574678
29654737
55821894
47480070
81325903
94004268
10979723
98927491
36378213
95174353
67371383
40173854
64342551
00303660
23927567
42431843
93221206
31557782
10509340
80045583
92001300
67829249
01953925
04446672
30435145
40830387
86321248
50933533
83104731
56094445
37457534
59811955
54912977
43230671
14015067
17092736
15013468
48365709
34236961
13250922
42364257
65064143
53112492
58921041
09156135
48539234
95132338
86164529
85639257
40916023
55001420
75889523
49881766
50287060
22796548
56246017
18378582
53153481
90374791
59464593
00980973
46384672
73879377
09076207
84430950
79649195
07180418
36868108
15480588
17535588
20277860
69296555
42364374
55348096
85489096
62633180
37053871
02134346
88236094
87340664
91989718
63689843
37970940
71453557
29139104
99284890
48305365
40619825
14148099
15317640
22790789
44954628
88819587
36042004
47453433
82705573
36280194
40633297
07165085
00242146
39892082
61528025
94853057
10012614
41925941
86325596
78783370
81480460
84478195
19740112
46145256
47961808
73356503
10963799
89091579
61181383
63142001
19733961
55401221
48094997
05053103
18246479
94463200
40133511
84990171
46009906
35149085
11761845
99426834
16899564
32452818
16255442
49522489
20374520
94022093
22996376
33731070
85605684
39168895
39256679
25655502
61127349
95472621
84808313
16768387
42129512
65240384
51562916
59380081
58696829
45547649
50122883
44702857
36262024
50323155
41426869
55761792
05405694
72989439
65169794
90654356
11901678
79409334
38670435
87564352
39507162
58268433
97023549
28470714
11685347
89041555
70138455
21051146
98239899
99788587
21466326
92518817
05464695
30653113
32015116
35215622
25880422
34743446
25551951
20871001
53347303
53183600
23995346
89631139
41396436
21340051
08715625
57409948
45898858
98456117
02204140
14087893
91595718
38699854
13316346
66947414
81386177
76532077
29401950
32296881
52090844
87910978
81919143
40267580
59258334
30548775
71413901
20101223
79126789
06214884
53586134
61622107
80075749
61968753
06104968
06297941
41859700
59364406
24294108
18937875
80163754
27191436
17655904
78193831
84740193
69243953
36935434
17597059
16970158
97077563
04861205
11384280
95614612
28120197
72892473
12183332
57953380
42664989
44209392
00062121
95841282
95727991
96501677
93220472
36468556
28890974
91152256
51394546
01801154
20228463
28106077
48276469
01248895
51449743
57139487
79323590
25050038
91623717
88190453
77252217
04031928
72630549
82301904
61044390
97439308
01434352
09596126
47829960
13179332
50412166
37421579
69313735
64599569
16956455
40884383
81380218
21888494
42682609
46910446
18271561
72287557
50916353
08508055
79853073
41218256
22479888
75041269
92667214
42541548
86801871
75109441
33413638
40240595
65830223
60682203
07565547
08964854
08806072
44800181
10375182
43417563
14772491
94192409
17375316
31000575
16616620
68057622
33244944
69035382
96420087
62966332
34290067
02561846
51192573
38999506
23265313
38834303
74458486
91782219
93889755
67494157
38289717
31036355
52571838
14618326
28358902
18654201
24082387
37083210
95326659
32710364
85802526
41398771
66742250
84970821
28279543
12470447
02926176
94377247
58851034
59907935
68774379
10248389
70095154
01546123
91663373
30655537
76763417
80316585
34124316
76986005
04162088
64268668
37057012
03370104
02158562
39978267
89112729
90440725
75559356
63477921
49375719
74157028
69015963
40418351
77625948
41230939
03019642
96428622
59023523
05494820
22147147
29612557
45945685
43405287
62868900
89899996
99075257
81057959
02833249
09910360
70074904
60912752
48148828
33423043
08628798
52702748
03773196
48092532
86498013
05606466
37043180
07572887
82112775
74701381
56769674
28378427
59983499
90925163
41949033
80071763
67049542
11321183
86805855
08634636
33875961
53527835
01804528
70231910
65824822
78053598
65287621
89111398
21417692
04614116
29436665
90928333
13722870
09159938
53129443
90980792
53375573
85313220
12817939
58206034
02314238
46986414
38033121
50725996
40737112
97642679
74713516
01102515
20522190
31829185
98502113
85562745
53982768
92377303
61587183
06967870
48768179
74153887
40933924
20858318
47233801
93599951
89494469
35565537
93554166
59784896
45895206
35798491
17881964
05388481
78861134
57579381
80168720
43500484
95286165
19159413
69122763
10209545
35027493
25034083
69542930
28593363
24128274
36995273
87621407
44763025
39719977
72426662
72575145
39131963
44883830
12965761
81985784
84451804
78613627
69579761
02326738
81059524
09637706
93747864
13409151
71200730
72192100
94212438
55461064
77608643
81866673
54749427
13093792
17132130
41613948
28355718
40591390
80744121
15294090
35464895
73481154
05616412
21219755
62980542
96967123
84257639
03549275
83241722
11961740
50939127
56460688
87880531
29948642
95194279
23557835
73414375
67095270
81674782
98666339
22959079
24623598
20727787
19612721
15595052
76446915
40826495
77561728
10032958
62113340
31423101
49010598
57062206
99721536
30325729
16972957
03493978
76922029
76039636
67464807
23965037
34187685
44436472
03682106
24096228
16435215
50045299
63018132
62873545
55763552
28563545
01435851
66672569
55991637
71490127
54178050
70681994
32437102
43250041
80193355
13215230
08687195
88733579
99050989
71218746
00473469
16353197
55773067
13532663
12493482
51228280
31476755
60082869
00213326
53693416
59820352
67105242
82828051
60866277
42578427
46128076
97342942
69954399
55875323
11324436
37820550
90219263
23118924
30314994
65260293
92755808
66712593
97623219
94253609
61411502
55171412
21844576
59793705
79979666
58932615
84327329
28677304
29343734
35809262
81566151
14225239
52031567
81003500
89252153
05285665
89943723
41436536
47737087
25366484
88820235
20721928
81197327
83121692
61204971
55615891
10526791
86188410
99414168
36586443
85166216
12160911
39897277
06390406
28649820
53046408
43580269
75043725
06103294
15237615
58818411
96355986
30531525
75376965
08198712
98045062
56916805
26022485
76909279
91862578
74364659
95051344
11460577
63749102
05556668
17484499
95451366
26725158
74131780
12600382
33396948
55737443
21598948
22419772
45425051
97687912
20188127
68401546
17653779
75582395
78387742
03027001
32919136
89731911
31887905
68881649
04376658
31764353
77910045
34193084
19394153
71060915
37406863
00218704
41392891
78706415
81172176
02863439
26566878
66235877
58607704
52503575
95308449
18591904
73134081
60369732
43061293
46534755
64752646
27132350
87473172
53293545
71407486
66788016
99267150
60862676
42599677
12883044
58528964
34460851
58098303
41089128
45231177
02830619
96890582
39956951
75560629
95952802
31987274
84834865
03134241
05628232
97697678
98252586
43340443
97806240
74923978
87430998
26931058
62337487
77454922
23869735
88753985
16556849
49681811
85359414
98818516
38742075
46181000
57069605
49998907
01781310
09373534
48206762
70865988
38538445
39711336
51632798
33550694
18511384
26902560
37684215
27967615
01641882
77565204
86281779
49003308
56594520
51355346
06368038
66889139
77491079
37313786
11549357
90844184
78577570
49888191
14977074
12800777
25833572
19737320
93431518
07512044
87751584
05818798
30190809
00423705
57046845
69140098
34460239
24668830
21887179
13386503
78266168
41762634
95178994
58185394
73698349
97017120
58831685
13039848
42703248
96981563
98299011
98792570
43793530
08471389
47606319
53776525
45894482
69933858
36354007
51828629
84620194
78658564
12057781
85306040
04149689
18590133
69632396
45311864
00425934
11868825
67959180
53493204
39674352
15367030
14472500
78004197
27408609
52323207
09744376
80233946
42868711
52648457
79571449
74137509
10992251
14291024
13944422
38430673
13676474
60229110
41249545
57270476
40937767
11448373
82542267
25262697
99877698
62473983
50712728
37101832
16762927
63695531
24317029
99690140
26084285
61705417
33737664
32022366
85742772
29618570
11813953
88989706
02356994
47942531
14141448
10809984
92736188
13429800
89405199
41172955
22910685
61831093
36584821
95744531
58314394
90502999
55608151
34370473
57346400
48653261
68007326
73544866
10755153
74367458
47150851
09633505
40659562
75209824
46037213
89272878
47879985
73079365
55321970
09817927
31122090
18325492
74825788
28357177
88789641
80811661
26412047
32491822
98446407
07089711
84285623
20060230
34100324
76812113
91932350
27927359
54415063
12206212
18144506
06924874
52040216
75782277
21015833
05434080
64801562
35762283
23265594
52417194
19613556
54493213
80887952
47025270
76052811
21074344
94689635
52584282
44676200
00191749
67951831
32679370
26647858
22020907
64501875
02047519
21840375
82260502
10248192
54579801
00759393
75745607
46130346
96851799
81863068
76184692
40410110
98069388
38552107
64047146
75830094
11224103
48229808
09264485
67629977
15083728
93107608
65396880
30353551
46821314
05600127
30243636
51962254
80141480
11925569
22587018
22873798
02118022
62397231
02671330
21297224
77778835
53567095
28546905
96631852
61740673
77084837
33031674
84173492
19847532
23309606
08581705
74823665
52684508
17185260
12247206
14391920
94163677
54109233
79575620
97923414
23615409
96965364
35052053
37957847
91512835
07019529
16227556
01845204
36261276
56647086
03056267
26082229
98374133
52675689
09628664
73431236
04042268
90876561
95214051
21770260
21558682
33784505
83968380
14851496
23635815
43697559
90020065
77585513
32809211
94773007
41855169
05257687
30113682
55256016
04869446
55948544
10080320
24068492
62271284
52768103
51934376
15401633
34627841
35059553
94566432
52824910
17444133
09653271
97570038
95789089
23289281
54541900
71587526
62340868
54878498
80441106
88979991
13756293
84686841
83986578
501000002
69455834
36021814
79109599
64788463
84814897
04266839
60519422
87210505
69456283
01184620
19406822
67724379
99171160
21908319
82642348
56283725
85705804
40640057
60802233
95144193
88240808
97590747
99551425
67284908
66526672
90147755
82005435
38480590
17358176
87756343
94675535
77007920
90330453
28566710
85602018
87322377
20394040
00102380
67468948
07902349
44519536
87010442
96458440
60258960
25773409
61854111
12472242
62543393
10538007
55444629
16475472
84397023
90500169
54976796
03136426
61850482
25290459
37721209
14318794
17178486
62867251
44595286
37231841
49587034
55226821
27671321
45023678
69162969
23171610
64238008
93108297
68658728
90790253
20831168
82452993
40320754
17985575
99510761
45871897
57482479
81777047
11091375
17658803
56342351
92731455
25769732
63995093
46700124
89222931
30241314
79182538
97240270
79870141
83746708
62279055
59344077
77414722
61844784
96008713
91819979
28553439
32723153
46474915
81210420
64389297
85852291
08034697
32362575
07802006
34206604
53119267
31560081
00050755
80304126
94940436
93013676
40695128
17214465
79629370
95701283
69303178
32918479
60102563
09074847
08794435
21593977
99597615
06137095
14255590
13626450
72657739
40374923
71395725
93553943
54652250
13723605
43714890
38369349
95492061
77121851
02460565
71466592
44287299
82432018
28933734
20765952
29549364
57882509
56948373
87350908
39191307
10189126
34906152
75499502
24530661
49814180
27134689
22609617
80921533
06133894
00904186
94667532
22512237
34442949
07359741
76211194
02694423
46820049
21817254
32062913
22046459
71544954
07562372
86569121
48700891
24435369
48642904
44656491
65957473
75646520
09293977
55998462
68339286
07369217
68540058
33114323
50705071
46411259
501000001
64271667
33767325
64274292
37580756
18190572
75487237
62327910
38277918
47986555
82482194
32012841
07489323
32539892
37520316
15800838
75392615
52817046
66690411
76321376
85519211
01918087
06343408
45906428
63259351
55985014
68334074
80551130
37011715
15960641
49217579
41482598
44095762
22359980
33178416
01036974
58392024
47529357
45159319
04929256
75285069
27288416
13803864
01965724
17192817
19384334
04732017
03810071
36121917
43040603
83764718
93108433
74848038
45909477
93671934
55784832
33508719
79106360
57839750
50913601
31477025
70307656
82108372
46657337
80863132
22493811
93900406
56907389
68191243
69279219
01347977
54098121
25774450
47060154
68516705
98049915
18161786
49251811
47507260
74591968
60482781
83011277
15025844
98745000
36607978
30451366
83464209
39552864
05318639
63516460
80161395
55424270
70948327
40172183
48576971
61454890
47355498
98162242
38411870
38299233
81843628
14315573
11021521
01761063
43352213
90963488
49563947
16587243
42015635
50930991
17955766
43237273
89621922
04335645
07076131
16226786
59290628
81306586
54704216
58775978
22567609
11987744
04041838
89628781
70861343
23842445
07805359
71044499
17449108
65878864
76848240
27581098
20065549
43694075
51616747
02130625
29389368
12953226
63703130
52077741
10485110
74637266
86088138
19230407
45121025
79335209
08251996
12482652
90140980
29843091
42941100
24643836
98259197
45141844
56995655
33064647
66927994
58861941
19523799
58538870
44762290
14531242
33248692
96875080
63120904
39537362
78986941
39019325
82065276
39751093
11548522
02311603
03659803
58071123
74191942
73398797
21263083
94585852
75375465
42035044
50152549
27911549
87978805
62762898
19153634
71930383
76775123
20624263
00967928
36039163
93920745
64751286
12143771
18891691
48579379
04849037
52624755
38142739
75356564
58192742
93224848
71181155
34961968
07576264
52550973
63571750
89959682
63356631
66607691
63442604
74270067
58015506
26185991
90669991
50823978
34029630
88975532
47415292
35429292
56840658
76539047
43716289
08842266
73578229
24094653
52860176
67169062
70278545
55144522
37630732
54289683
77027445
33691040
68304813
70828912
04483989
00549481
91559748
23701465
02316186
75917088
51371017
80234301
43711255
11678191
24221739
10071456
26439287
07892180
29155212
74703140
76754619
77044671
53569894
01082946
73081602
04179849
501000003
71411377
05901497
25652259
38723936
37318031
94905343
31440542
56524813
90810762
12580477
04178474
56260110
66719324
21347810
51267887
41382147
03784434
06337436
25236056
12503902
07625614
69890967
85309439
82529174
74694807
31785398
28121403
33066139
85684223
58577036
23421244
37576645
96316857
65570596
86445415
38199696
74677422
64335804
96561011
02851070
70821187
32807846
17814387
75417459
64631466
22589918
94739788
51482758
14878871
24311595
62420419
08951260
99518961
27174286
19827717
05990062
77622396
31709826
31066283
70903634
08124921
58641905
83555666
20436034
34016756
70344351
45778932
78211862
30450531
65450690
54351224
90846359
19066538
88279736
83258273
92421852
44203504
38916461
28143906
20781762
68846917
53890795
30860696
95515060
94793422
91939608
91597389
39004808
93382620
46303688
33950246
51452091
16509093
68280530
70791313
93016201
56058888
72405967
86742443
26378150
46427957
70046172
57281778
49868263
15303296
42647539
24611934
02964201
49645921
37265642
30914564
61441708
13604200
66602787
56120475
32268901
96947648
44182827
50593156
73648243
73051941
25955164
26202165
53539634
16222645
11760174
77379481
64538655
50400231
73915051
05498296
67532912
10352095
42071342
97809599
02468169
67646312
22537443
36562627
19086954
27053506
77876207
15507080
79569173
06740720
57585212
63394872
23401839
60391791
49398568
66516792
71829750
02792265
03819470
30778711
29267084
37620434
58621589
09603356
20939559
04035199
56830749
12117532
73915052
52097679
07672244
59560625
59237154
60365591
86327225
87303357
95956346
82085619
95638658
55713623
40867519
73665146
72443568
01995985
74388798
37267041
32619583
73001017
01557499
90357090
14989021
92219931
08131171
60694662
82732705
73752131
46363422
61370518
00126218
86652646
03627449
98139712
02504891
15653824
06733059
05265750
10202894
32274490
64306248
95288024
30532390
63035430
78636495
40200834
68638985
03797883
97169186
63789924
00596051
45986603
84290642
86318356
60246171
45985838
44472639
41420027
35346968
23471572
57617178
84696266
84550200
38942059
40384720
88619463
49218300
68073522
76297408
68005187
05758500
92924317
78864369
15734813
77527210
47852924
63012333
31242786
04920010
36119641
97362768
76103675
20644748
58551308
31553716
42598242
51481927
41160595
84636823
04259068
01669772
29228529
38275183
29735721
10069180
18807108
96677818
52121290
51402177
85326399
87511987
49328340
53239672
48659020
69832741
94772232
31893528
30170981
67287533
23205979
67957315
13522325
14037717
53530069
80770678
25343280
04896788
92394653
70156997
99173029
42945701
06540606
79333300
15866454
94425169
21175632
81385346
08201910
65810489
92854392
03510565
05368615
44729197
29172562
90908427
13599884
02370081
83225447
68171737
15023985
31812496
63102017
39188539
29013526
25173686
86209650
60764581
41006930
13955608
71068263
34646691
99861526
06859683
55291359
98434877
70781052
14644902
85520851
29590905
27770341
75923050
01412158
36256625
20529766
97705809
44072894
58419204
40473581
40453765
41872150
15383415
81896370
16589042
51345461
37120512
98495314
61405855
05371656
12923641
72302403
03573512
50005633
45305419
16946849
18895832
10456559
89698120
83682725
43641473
28725004
44073668
03170832
71983925
19312169
90740329
00732302
41589166
63308047
73628505
35975813
78060096
16469012
00032864
00403847
64734921
91123920
91345518
38730226
32269855
01689516
71107816
41142615
61505339
97093037
52101615
30606547
93346024
92408984
66989694
88696724
68400115
65403020
34694160
66362965
31076103
43973174
20065322
42829885
29826127
84080938
18710707
84136000
88089103
68049471
01525329
83764996
84926738
81820689
28003512
90407382
86099788
66926224
55008284
03643300
15717011
25109950
49064413
50470982
32541773
40703393
00296499
16430187
76305638
56433456
04081094
99351431
43434803
95519486
99517131
10262698
87557188
78243409
78697395
38479725
65475294
27618634
51275027
95281259
06285791
51838385
87997872
26205777
41462083
05703682
63391643
33977496
27125110
63519819
36361633
78423643
33734439
76075810
69196160
31786629
15510988
70797118
91781589
49791927
35316708
71625222
44913552
40350910
83675475
57182235
82003859
69572024
59383041
79875176
90960358
43509019
42386471
15270885
16392422
65458948
91842653
89997728
15259703
71283180
18605135
90337190
53582587
75372290
94256039
35686187
42348802
25573054
64697231
04206964
19252988
46461247
03055837
12538374
46918794
78780140
39111158
77827521
72709014
12181376
32298781
33184167
02903036
79759861
45042329
63323539
55013285
34853266
72929454
76806714
37313348
59053232
03149764
29692206
21900719
43586926
78984772
54752875
88132637
82035781
83228073
94119974
25578802
57305373
83887306
72842870
56789759
68811206
21237481
83235263
94568601
60806437
07602840
32752319
501000000
67934141
49441499
34088136
34830502
19877898
32240937
80604091
15894048
22431243
22702055
82999629
11743119
85936485
56747793
14731897
97360116
92084010
70368879
01784619
06007213
48649353
51638941
58859575
84243274
75347539
56387350
22056710
26495087
53839837
46571052
24838456
47084486
72634965
23299957
95220856
50259460
44910027
93130021
39774685
73219648
94042337
15052462
42175079
20951752
14898066
96300057
12607053
63162310
13945283
17078030
42994702
75953262
90873992
05438492
56413937
66073051
23424603
87774234
85066822
93343894
02483611
27324313
38992735
10035717
72053645
28604635
91996584
15090429
93730409
09786492
43487744
15150365
81383947
01571945
73891874
68427465
77754944
61166988
59744639
87796900
57405307
57116033
98585345
89258225
87523462
31447217
75946257
78010363
80741828
36304921
42883273
56369281
50684552
35322812
06979239
12253117
73216412
69750536
17238333
06480253
37744402
62651957
02111707
91998119
99724761
76515293
65622692
25119460
29380133
70345785
76862289
59197169
71280811
03078576
13839120
04542651
51534754
81332143
64500000
51945556
83133491
24311372
16268841
47693640
88472456
86100785
07459013
